n_clusters=3, Silhouette Score=0.5252038519218324, CH Index=34.912295664495055
n_clusters=4, Silhouette Score=0.4066717904569688, CH Index=27.711027636816844
n_clusters=5, Silhouette Score=0.3371454163083127, CH Index=22.544145397380202
