k=3, Silhouette Score=0.11364854107667703, CH Index=57.330162644223506
k=4, Silhouette Score=0.07846045100056029, CH Index=43.983499418720804
k=5, Silhouette Score=0.07452224136857054, CH Index=35.82627042012592
