k=3, Silhouette Score=0.09860067662695529, CH Index=52.65151721423105
k=4, Silhouette Score=0.06468146352389222, CH Index=40.82321205837716
k=5, Silhouette Score=0.06430639969018598, CH Index=33.48352984194589
